"id" "author" "year" "sex" "type" "dose" "cases" "n" "rr" "lb" "ub" "logrr" "se"
"1" 1 "Mann" 1997 "Both" "ci" 140 138 3853 1 1 1 0 0
"2" 1 "Mann" 1997 "Both" "ci" 280 139 3853 0.7 0.55 0.88 -0.356674943938732 0.1199010882223
"3" 1 "Mann" 1997 "Both" "ci" 420 106 3853 0.87 0.68 1.13 -0.139262067333508 0.129563634215304
"4" 2 "Ness" 2001 "Men" "ci" 94 1194 2638 1 1 1 0 0
"5" 2 "Ness" 2001 "Men" "ci" 473 1108 2977 0.9 0.83 0.97 -0.105360515657826 0.039763580335218
"6" 2 "Ness" 2001 "Men" "ci" 1041 48 150 0.81 0.61 1.09 -0.210721031315653 0.148082827703605
"7" 3 "Elwood" 2004 "Men" "ci" 0 60 162 1 1 1 0 0
"8" 3 "Elwood" 2004 "Men" "ci" 140 375 1104 0.99 0.73 1.34 -0.0100503358535015 0.154946816266385
"9" 3 "Elwood" 2004 "Men" "ci" 425 315 973 0.98 0.72 1.35 -0.0202027073175195 0.160362298588331
"10" 3 "Elwood" 2004 "Men" "ci" 715 61 164 1.2 0.8 1.8 0.182321556793955 0.206873754470195
"11" 4 "Paganini-Hill" 2007 "Both" "ci" 0 2773 3320 1 1 1 0 0
"12" 4 "Paganini-Hill" 2007 "Both" "ci" 100 2818 3445 0.95 0.9 1 -0.0512932943875506 0.0268781764585718
"13" 4 "Paganini-Hill" 2007 "Both" "ci" 200 3649 4342 1.01 0.96 1.06 0.00995033085316809 0.0252787559939487
"14" 4 "Paganini-Hill" 2007 "Both" "ci" 300 2146 2517 1.04 0.98 1.1 0.0392207131532813 0.0294681147288918
"15" 5 "Bonthuis" 2010 "Both" "ci" 109 65 512 1 1 1 0 0
"16" 5 "Bonthuis" 2010 "Both" "ci" 250 55 506 0.85 0.54 1.33 -0.162518929497775 0.229944297131818
"17" 5 "Bonthuis" 2010 "Both" "ci" 500 57 511 0.93 0.59 1.48 -0.0725706928348354 0.234615237094323
"18" 6 "Goldbohm" 2011 "Women" "ir" 0 1266 4994 1 1 1 0 0
"19" 6 "Goldbohm" 2011 "Women" "ir" 21 892 4126 0.96 0.87 1.05 -0.0408219945202552 0.0479733895587551
"20" 6 "Goldbohm" 2011 "Women" "ir" 52 1095 4673 0.96 0.88 1.04 -0.0408219945202552 0.0426166210146889
"21" 6 "Goldbohm" 2011 "Women" "ir" 107 995 4417 0.94 0.86 1.04 -0.0618754037180875 0.0484814017979169
"22" 6 "Goldbohm" 2011 "Women" "ir" 238 1230 4562 0.999 0.91 1.09 -0.00100050033358353 0.0460437990534426
"23" 7 "Goldbohm" 2011 "Men" "ir" 0 2318 4113 1 1 1 0 0
"24" 7 "Goldbohm" 2011 "Men" "ir" 34 2518 4783 0.99 0.93 1.05 -0.0100503358535015 0.0309599711937429
"25" 7 "Goldbohm" 2011 "Men" "ir" 90 1650 3333 0.999 0.94 1.08 -0.00100050033358353 0.0354181112380993
"26" 7 "Goldbohm" 2011 "Men" "ir" 156 2041 4163 1.01 0.94 1.08 0.00995033085316809 0.0354181112380993
"27" 7 "Goldbohm" 2011 "Men" "ir" 342 2131 4088 1.02 0.95 1.09 0.0198026272961797 0.0350697746777381
"30" 9 "Soedamah-Muthu" 2013 "Both" "ci" 147 86 1502 1 1 1 0 0
"31" 9 "Soedamah-Muthu" 2013 "Both" "ci" 294 80 1501 0.98 0.72 1.34 -0.0202027073175195 0.158465585550193
"32" 9 "Soedamah-Muthu" 2013 "Both" "ci" 441 71 1519 0.89 0.64 1.25 -0.116533816255952 0.1707762640597
"33" 10 "Dik" 2014 "Both" "ci" 12 351 965 1 1 1 0 0
"34" 10 "Dik" 2014 "Both" "ci" 86 373 970 1.05 0.9 1.23 0.048790164169432 0.0796888839555533
"35" 10 "Dik" 2014 "Both" "ci" 221 394 993 1.04 0.89 1.22 0.0392207131532813 0.0804567526466891
"36" 10 "Dik" 2014 "Both" "ci" 366 407 931 1.21 1.03 1.43 0.19062035960865 0.0837045079956586
"37" 11 "Yang" 2014 "Both" "ir" 0 262 4895 1 1 1 0 0
"38" 11 "Yang" 2014 "Both" "ir" 154 204 3771 1.01 0.84 1.23 0.00995033085316809 0.0972894296878113
"39" 11 "Yang" 2014 "Both" "ir" 231 237 4293 0.99 0.82 1.19 -0.0100503358535015 0.0950028288235788
"40" 11 "Yang" 2014 "Both" "ir" 369 246 4280 0.95 0.79 1.15 -0.0512932943875506 0.0957885652129326
"41" 12 "Michaëlsson" 2014 "Women" "ir" 100 5422 476485 1 1 1 0 0
"42" 12 "Michaëlsson" 2014 "Women" "ir" 300 5830 444724 1.33 1.28 1.39 0.285178942233662 0.0210319347348675
"43" 12 "Michaëlsson" 2014 "Women" "ir" 500 3150 229648 1.91 1.8 2.03 0.647103242058538 0.0306763616831959
"44" 12 "Michaëlsson" 2014 "Women" "ir" 700 1139 80961 2.62 2.38 2.89 0.963174317773006 0.049530505655317
"45" 13 "Michaëlsson" 2014 "Men" "ir" 100 3468 221381 1 1 1 0 0
"46" 13 "Michaëlsson" 2014 "Men" "ir" 300 2501 127248 1.01 0.95 1.05 0.00995033085316809 0.0255319636856667
"47" 13 "Michaëlsson" 2014 "Men" "ir" 500 2347 103049 1.06 0.99 1.12 0.0582689081239758 0.0314748184491406
"48" 13 "Michaëlsson" 2014 "Men" "ir" 700 1796 82415 1.09 1 1.18 0.0861776962410524 0.0422238469132928
"49" 14 "Wang" 2015 "Women" "ir" 0 2137 174369 1 1 1 0 0
"50" 14 "Wang" 2015 "Women" "ir" 7 594 60289 0.999 0.91 1.05 -0.00100050033358353 0.0365059880613712
"51" 14 "Wang" 2015 "Women" "ir" 31 1215 129819 0.98 0.91 1.05 -0.0202027073175195 0.0365059880613712
"52" 14 "Wang" 2015 "Women" "ir" 73 1206 140474 0.91 0.85 0.98 -0.0943106794712413 0.0363058258475226
"53" 14 "Wang" 2015 "Women" "ir" 146 4420 421483 0.96 0.91 1.01 -0.0408219945202552 0.026597685250037
"54" 15 "Wang" 2015 "Men" "ir" 0 2813 136234 1 1 1 0 0
"55" 15 "Wang" 2015 "Men" "ir" 7 951 56739 0.92 0.86 0.99 -0.083381608939051 0.0359120256778895
"56" 15 "Wang" 2015 "Men" "ir" 31 1669 97564 0.91 0.85 0.96 -0.0943106794712413 0.0310457069460076
"57" 15 "Wang" 2015 "Men" "ir" 73 1547 92624 0.89 0.84 0.96 -0.116533816255952 0.0340647567194605
"58" 15 "Wang" 2015 "Men" "ir" 146 5223 254225 0.93 0.89 0.98 -0.0725706928348354 0.0245747140504314
