"id" "author" "interval" "bmi" "case" "control" "n" "rr" "lb" "ub" "studyt" "logor" "selogor"
"1" 1 "McLaughlin  1984 M" "<=23.6" 21.6000003814697 80 102 182 1 1 1 1 0 0
"2" 1 "McLaughlin  1984 M" "23.7-25.6" 24.6000003814697 66 115 181 0.899999976158142 0.600000023841858 1.39999997615814 1 -0.105360545217991 0.216151371598244
"3" 1 "McLaughlin  1984 M" "25.6-28" 26.7999992370605 74 112 186 0.899999976158142 0.600000023841858 1.39999997615814 1 -0.105360545217991 0.216151371598244
"4" 1 "McLaughlin  1984 M" "28-32.9" 30.5 90 97 187 1.5 1 2.40000009536743 1 0.405465096235275 0.223337978124619
"5" 2 "McLaughlin  1984 F" "<=21.6" 19.7000007629395 35 74 109 1 1 1 1 0 0
"6" 2 "McLaughlin  1984 F" "21.7-23.5" 22.5499992370605 37 72 109 1.10000002384186 0.600000023841858 2.09999990463257 1 0.09531020373106 0.319588243961334
"7" 2 "McLaughlin  1984 F" "23.5-26.2" 24.8500003814697 48 65 113 1.5 0.800000011920929 2.79999995231628 1 0.405465096235275 0.319588243961334
"8" 2 "McLaughlin  1984 F" "26.2-31.7" 29 58 54 112 2.09999990463257 1.20000004768372 3.90000009536743 1 0.741937279701233 0.300682812929153
"9" 3 "Goodman 1986 M" "<24" 20 28 49 77 1 1 1 1 0 0
"10" 3 "Goodman 1986 M" "24-27" 25.5 80 77 157 1.89999997615814 1.10000002384186 3.79999995231628 1 0.641853868961334 0.316253483295441
"11" 3 "Goodman 1986 M" "27-34" 31 65 47 112 2.70000004768372 1.5 5.90000009536743 1 0.993251800537109 0.349365413188934
"12" 4 "Goodman 1986 F" "<24" 20 30 37 67 1 1 1 1 0 0
"13" 4 "Goodman 1986 F" "24-27" 25.5 13 20 33 0.800000011920929 0.300000011920929 1.79999995231628 1 -0.2231435328722 0.457089871168137
"14" 4 "Goodman 1986 F" "27-34" 31 28 14 42 2.40000009536743 1.20000004768372 6.90000009536743 1 0.875468790531158 0.44623264670372
"15" 5 "Asal  1988 M" "<23.8" 22 40 55 95 1 1 1 1 0 0
"16" 5 "Asal  1988 M" "23.8-25.6" 24.7000007629395 46 51 97 1.29999995231628 0.699999988079071 2.29999995231628 1 0.262364238500595 0.30347090959549
"17" 5 "Asal  1988 M" "25.6-29.4" 27.5 50 60 110 1.20000004768372 0.699999988079071 2.09999990463257 1 0.182321593165398 0.280263394117355
"18" 5 "Asal  1988 M" "29.4-37" 33.2000007629395 73 29 102 3.29999995231628 1.79999995231628 6.09999990463257 1 1.19392240047455 0.31135830283165
"19" 6 "Asal  1988 F" "<22.5" 19.2999992370605 24 36 60 1 1 1 1 0 0
"20" 6 "Asal  1988 F" "22.5-25.7" 24.1000003814697 24 40 64 0.800000011920929 0.400000005960464 1.60000002384186 1 -0.2231435328722 0.353653013706207
"21" 6 "Asal  1988 F" "25.7-30.1" 27.8999996185303 24 32 56 1.20000004768372 0.600000023841858 2.5 1 0.182321593165398 0.364066988229752
"22" 6 "Asal  1988 F" "30.1-38.9" 34.5 28 30 58 1.20000004768372 0.600000023841858 2.59999990463257 1 0.182321593165398 0.374072432518005
"23" 7 "Yuan  1998 M" "<22" 20 62 112 174 1 1 1 1 0 0
"24" 7 "Yuan  1998 M" "22-23" 22.5 152 179 331 1.70000004768372 1.10000002384186 2.5 1 0.530628263950348 0.209437653422356
"25" 7 "Yuan  1998 M" "24-25" 24.5 200 229 429 1.60000002384186 1.10000002384186 2.40000009536743 1 0.470003634691238 0.199023708701134
"26" 7 "Yuan  1998 M" "26-27" 26.5 129 128 257 2 1.29999995231628 3.09999990463257 1 0.6931471824646 0.221697404980659
"27" 7 "Yuan  1998 M" "28-29" 28.5 107 79 186 2.70000004768372 1.70000004768372 4.30000019073486 1 0.993251800537109 0.236735671758652
"28" 7 "Yuan  1998 M" "30-32" 31 131 57 188 4.59999990463257 2.90000009536743 7.5 1 1.52605628967285 0.24240043759346
"29" 8 "Yuan  1998 F" "<22" 20 126 177 303 1 1 1 1 0 0
"30" 8 "Yuan  1998 F" "22-23" 22.5 95 90 185 1.70000004768372 1.10000002384186 2.5 1 0.530628263950348 0.209437653422356
"31" 8 "Yuan  1998 F" "24-25" 24.5 66 68 134 1.5 1 2.29999995231628 1 0.405465096235275 0.212480708956718
"32" 8 "Yuan  1998 F" "26-27" 26.5 35 42 77 1.29999995231628 0.699999988079071 2.20000004768372 1 0.262364238500595 0.292130976915359
"33" 8 "Yuan  1998 F" "28-29" 28.5 32 20 52 2.29999995231628 1.20000004768372 4.19999980926514 1 0.832909107208252 0.319588243961334
